err_6: -0.113461
err_5: -0.001133
err_4: -0.001396
err_3: -0.004461
err_2: 0.000000
err_1: 0.000000
w_56 = 0.372989
w_46 = 0.679690
w_36 = -0.629515
w_25 = 0.477347
w_24 = -3.027924
w_23 = 1.910777
w_15 = 3.988674
w_14 = 1.986038
w_13 = -3.044611
